0	 [2, 16, 15, 6, 3, 11, 5, 10, 4, 9, 1, 7, 14, 8, 12, 13] 	 0.001000	28.7193
1	 [2, 16, 15, 6, 3, 11, 5, 10, 4, 9, 1, 7, 14, 8, 12, 13] 	 0.002500	29.658
2	 [2, 16, 15, 6, 3, 11, 5, 10, 4, 9, 1, 7, 14, 8, 12, 13] 	 0.004000	30.6593
3	 [2, 16, 15, 6, 3, 11, 5, 10, 4, 9, 1, 7, 14, 8, 12, 13] 	 0.005500	31.7307
4	 [2, 16, 15, 6, 3, 11, 5, 10, 4, 9, 1, 7, 14, 8, 12, 13] 	 0.007000	32.8816
5	 [2, 16, 15, 6, 3, 11, 5, 10, 4, 9, 1, 7, 14, 8, 12, 13] 	 0.008500	34.1232
6	 [2, 16, 15, 6, 3, 11, 5, 10, 4, 9, 1, 7, 14, 8, 12, 13] 	 0.010000	35.4693
7	 [2, 16, 15, 6, 3, 11, 5, 10, 4, 9, 1, 7, 14, 8, 12, 13] 	 0.011500	36.9374
8	 [2, 16, 15, 6, 3, 11, 5, 10, 4, 9, 1, 7, 14, 8, 12, 13] 	 0.013000	38.5498
9	 [2, 16, 15, 6, 3, 11, 5, 10, 4, 9, 1, 7, 14, 8, 12, 13] 	 0.014500	40.3356
10	 [2, 16, 15, 6, 3, 11, 5, 10, 4, 9, 1, 7, 14, 8, 12, 13] 	 0.016000	42.3338
11	 [2, 16, 15, 6, 3, 11, 5, 10, 4, 9, 1, 7, 14, 8, 12, 13] 	 0.017500	44.5989
12	 [2, 16, 15, 6, 3, 11, 5, 10, 4, 9, 1, 7, 14, 8, 12, 13] 	 0.019000	47.2088
13	 [2, 16, 15, 6, 3, 11, 5, 10, 4, 9, 1, 7, 14, 8, 12, 13] 	 0.020500	50.2807
14	 [2, 16, 15, 6, 3, 11, 5, 10, 4, 9, 1, 7, 14, 8, 12, 13] 	 0.022000	500
15	 [2, 16, 15, 6, 3, 11, 5, 10, 4, 9, 1, 7, 14, 8, 12, 13] 	 0.023500	500
16	 [2, 16, 15, 6, 3, 11, 5, 10, 4, 9, 1, 7, 14, 8, 12, 13] 	 0.025000	500
17	 [2, 16, 15, 6, 3, 11, 5, 10, 4, 9, 1, 7, 14, 8, 12, 13] 	 0.026500	500
18	 [2, 16, 15, 6, 3, 11, 5, 10, 4, 9, 1, 7, 14, 8, 12, 13] 	 0.028000	500
19	 [2, 16, 15, 6, 3, 11, 5, 10, 4, 9, 1, 7, 14, 8, 12, 13] 	 0.029500	500
20	 [2, 16, 15, 6, 3, 11, 5, 10, 4, 9, 1, 7, 14, 8, 12, 13] 	 0.031000	500
21	 [2, 16, 15, 6, 3, 11, 5, 10, 4, 9, 1, 7, 14, 8, 12, 13] 	 0.032500	500
22	 [2, 16, 15, 6, 3, 11, 5, 10, 4, 9, 1, 7, 14, 8, 12, 13] 	 0.034000	500
23	 [2, 16, 15, 6, 3, 11, 5, 10, 4, 9, 1, 7, 14, 8, 12, 13] 	 0.035500	500
24	 [2, 16, 15, 6, 3, 11, 5, 10, 4, 9, 1, 7, 14, 8, 12, 13] 	 0.037000	500
25	 [2, 16, 15, 6, 3, 11, 5, 10, 4, 9, 1, 7, 14, 8, 12, 13] 	 0.038500	500
26	 [2, 16, 15, 6, 3, 11, 5, 10, 4, 9, 1, 7, 14, 8, 12, 13] 	 0.040000	500
27	 [2, 16, 15, 6, 3, 11, 5, 10, 4, 9, 1, 7, 14, 8, 12, 13] 	 0.041500	500
28	 [2, 16, 15, 6, 3, 11, 5, 10, 4, 9, 1, 7, 14, 8, 12, 13] 	 0.043000	500
29	 [2, 16, 15, 6, 3, 11, 5, 10, 4, 9, 1, 7, 14, 8, 12, 13] 	 0.044500	500
30	 [2, 16, 15, 6, 3, 11, 5, 10, 4, 9, 1, 7, 14, 8, 12, 13] 	 0.046000	500
31	 [2, 16, 15, 6, 3, 11, 5, 10, 4, 9, 1, 7, 14, 8, 12, 13] 	 0.047500	500
32	 [2, 16, 15, 6, 3, 11, 5, 10, 4, 9, 1, 7, 14, 8, 12, 13] 	 0.049000	500
33	 [2, 16, 15, 6, 3, 11, 5, 10, 4, 9, 1, 7, 14, 8, 12, 13] 	 0.050500	500
34	 [2, 16, 15, 6, 3, 11, 5, 10, 4, 9, 1, 7, 14, 8, 12, 13] 	 0.052000	500
35	 [2, 16, 15, 6, 3, 11, 5, 10, 4, 9, 1, 7, 14, 8, 12, 13] 	 0.053500	500
36	 [2, 16, 15, 6, 3, 11, 5, 10, 4, 9, 1, 7, 14, 8, 12, 13] 	 0.055000	500
37	 [2, 16, 15, 6, 3, 11, 5, 10, 4, 9, 1, 7, 14, 8, 12, 13] 	 0.056500	500
38	 [2, 16, 15, 6, 3, 11, 5, 10, 4, 9, 1, 7, 14, 8, 12, 13] 	 0.058000	500
39	 [2, 16, 15, 6, 3, 11, 5, 10, 4, 9, 1, 7, 14, 8, 12, 13] 	 0.059500	500
40	 [2, 16, 15, 6, 3, 11, 5, 10, 4, 9, 1, 7, 14, 8, 12, 13] 	 0.061000	500
41	 [2, 16, 15, 6, 3, 11, 5, 10, 4, 9, 1, 7, 14, 8, 12, 13] 	 0.062500	500
42	 [2, 16, 15, 6, 3, 11, 5, 10, 4, 9, 1, 7, 14, 8, 12, 13] 	 0.064000	500
43	 [2, 16, 15, 6, 3, 11, 5, 10, 4, 9, 1, 7, 14, 8, 12, 13] 	 0.065500	500
44	 [2, 16, 15, 6, 3, 11, 5, 10, 4, 9, 1, 7, 14, 8, 12, 13] 	 0.067000	500
45	 [2, 16, 15, 6, 3, 11, 5, 10, 4, 9, 1, 7, 14, 8, 12, 13] 	 0.068500	500
46	 [2, 16, 15, 6, 3, 11, 5, 10, 4, 9, 1, 7, 14, 8, 12, 13] 	 0.070000	500
47	 [2, 16, 15, 6, 3, 11, 5, 10, 4, 9, 1, 7, 14, 8, 12, 13] 	 0.071500	500
48	 [2, 16, 15, 6, 3, 11, 5, 10, 4, 9, 1, 7, 14, 8, 12, 13] 	 0.073000	500
49	 [2, 16, 15, 6, 3, 11, 5, 10, 4, 9, 1, 7, 14, 8, 12, 13] 	 0.074500	500
50	 [2, 16, 15, 6, 3, 11, 5, 10, 4, 9, 1, 7, 14, 8, 12, 13] 	 0.076000	500
51	 [2, 16, 15, 6, 3, 11, 5, 10, 4, 9, 1, 7, 14, 8, 12, 13] 	 0.077500	500
52	 [2, 16, 15, 6, 3, 11, 5, 10, 4, 9, 1, 7, 14, 8, 12, 13] 	 0.079000	500
53	 [2, 16, 15, 6, 3, 11, 5, 10, 4, 9, 1, 7, 14, 8, 12, 13] 	 0.080500	500
54	 [2, 16, 15, 6, 3, 11, 5, 10, 4, 9, 1, 7, 14, 8, 12, 13] 	 0.082000	500
